procs -----------memory---------- ---swap-- -----io---- -system-- ------cpu-----
 r  b   swpd   free   buff  cache   si   so    bi    bo   in   cs us sy id wa st
 1  0      0 309670592 155520 205141184    0    0     8     2    1    1  4  0 96  0  0
104  0      0 309625248 155528 205141488    0    0     0   152 86684 68870 12 74 14  0  0
104  0      0 309637824 155528 205141888    0    0     0     0 93480 69434 14 86  0  0  0
104  0      0 309637248 155528 205141920    0    0     0     0 103880 88278 14 86  0  0  0
102  0      0 309637536 155528 205141920    0    0     0    20 102536 84848 14 86  0  0  0
103  0      0 309650560 155528 205141952    0    0     0    48 101932 81894 14 86  0  0  0
101  0      0 309647136 155540 205141936    0    0     0   136 94768 70689 14 86  0  0  0
102  0      0 309660576 155540 205141952    0    0     0     0 93895 69777 14 86  0  0  0
104  0      0 309654848 155540 205141984    0    0     0     0 96284 72786 14 86  0  0  0
105  0      0 309633088 155540 205141984    0    0     0     0 92516 66563 14 86  0  0  0
101  0      0 309660928 155540 205141984    0    0     0    40 93844 69442 14 86  0  0  0
107  0      0 309651584 155540 205141984    0    0     0    84 97359 79466 14 86  0  0  0
101  0      0 309648096 155548 205141984    0    0     0    40 97382 83161 14 86  0  0  0
106  0      0 309644864 155548 205141984    0    0     0     0 100746 80338 14 86  0  0  0
104  0      0 309654464 155548 205142016    0    0     0     0 95083 74573 14 86  0  0  0
104  0      0 309642784 155548 205142016    0    0     0     0 98583 79688 14 86  0  0  0
102  0      0 309697536 155548 205142016    0    0     0    40 95302 73772 14 86  0  0  0
106  0      0 309693472 155556 205142000    0    0     0   108 101357 83984 14 86  0  0  0
104  0      0 309671168 155556 205142048    0    0     0     8 96498 74932 14 86  0  0  0
104  0      0 309674592 155556 205142048    0    0     0     0 95164 73559 14 86  0  0  0
105  0      0 309683040 155556 205142048    0    0     0     0 91923 68813 14 86  0  0  0
procs -----------memory---------- ---swap-- -----io---- -system-- ------cpu-----
 r  b   swpd   free   buff  cache   si   so    bi    bo   in   cs us sy id wa st
98  0      0 309653280 155556 205142048    0    0     0     0 98672 83319 14 85  0  0  0
106  0      0 309640416 155556 205142048    0    0     0   100 92386 71260 14 86  0  0  0
106  0      0 309644736 155564 205142080    0    0     0    28 93390 68629 14 86  0  0  0
104  0      0 309638912 155564 205142080    0    0     0     0 94968 70174 14 86  0  0  0
104  0      0 309675776 155564 205142080    0    0     0     0 98128 79778 14 86  0  0  0
104  0      0 309665504 155564 205142080    0    0     0     0 94005 70767 14 86  0  0  0
106  0      0 309656736 155564 205142080    0    0     0    40 97269 75457 14 86  0  0  0
105  0      0 309644352 155564 205142112    0    0     0     0 97226 75423 14 86  0  0  0
107  0      0 309640960 155572 205142112    0    0     0    28 100025 81162 14 86  0  0  0
106  0      0 309649536 155572 205142112    0    0     0     0 98978 77434 14 86  0  0  0
101  0      0 309632704 155572 205142112    0    0     0     0 99132 82487 14 86  0  0  0
106  0      0 309662400 155572 205142112    0    0     0     0 98114 78713 14 86  0  0  0
105  0      0 309660384 155572 205142112    0    0     0    72 94817 72911 14 86  0  0  0
102  0      0 309662240 155572 205142144    0    0     0     0 95265 73193 14 86  0  0  0
103  0      0 309677216 155580 205142144    0    0     0    28 103759 87204 14 86  0  0  0
104  0      0 309652576 155580 205142144    0    0     0     0 95560 74837 14 86  0  0  0
106  0      0 309617920 155580 205142144    0    0     0     0 93662 70488 14 86  0  0  0
106  0      0 309640128 155580 205142176    0    0     0     0 101186 84361 14 86  0  0  0
104  0      0 309657984 155580 205142176    0    0     0    40 96238 75647 14 86  0  0  0
105  0      0 309661248 155588 205142176    0    0     0    44 92784 69548 14 86  0  0  0
101  0      0 309696544 155588 205142176    0    0     0     0 92033 65289 14 86  0  0  0
procs -----------memory---------- ---swap-- -----io---- -system-- ------cpu-----
 r  b   swpd   free   buff  cache   si   so    bi    bo   in   cs us sy id wa st
107  0      0 309678016 155588 205142176    0    0     0     0 90698 68207 14 86  0  0  0
104  0      0 309665216 155588 205142208    0    0     0     0 89588 59491 14 86  0  0  0
99  0      0 309677152 155588 205142208    0    0     0     0 95772 72621 14 86  0  0  0
101  0      0 309656992 155596 205142208    0    0     0    60 95203 75062 14 86  0  0  0
104  0      0 309682656 155596 205142208    0    0     0     0 98201 80268 14 86  0  0  0
104  0      0 309667520 155596 205142240    0    0     0     0 96088 75439 14 86  0  0  0
104  0      0 309683232 155596 205142240    0    0     0     0 98477 83051 14 86  0  0  0
104  0      0 309684896 155596 205142240    0    0     0     0 99968 79542 14 86  0  0  0
106  0      0 309668704 155596 205142240    0    0     0     0 95776 73867 14 86  0  0  0
103  0      0 309687968 155604 205142240    0    0     0    76 97982 78458 14 86  0  0  0
102  0      0 309685536 155604 205142288    0    0     0     0 93680 69647 14 86  0  0  0
106  0      0 309681472 155604 205142288    0    0     0     0 98676 81555 14 86  0  0  0
106  0      0 309698816 155604 205142288    0    0     0     0 95293 72774 14 86  0  0  0
103  0      0 309718592 155604 205142288    0    0     0     8 96828 73992 14 86  0  0  0
104  0      0 309706016 155612 205142288    0    0     0    72 99438 80430 14 86  0  0  0
104  0      0 309677056 155612 205142288    0    0     0     0 94480 72236 14 86  0  0  0
106  0      0 309692736 155612 205142320    0    0     0     0 98890 79306 14 86  0  0  0
103  0      0 309673984 155612 205142320    0    0     0     0 97166 77015 14 86  0  0  0
107  0      0 309673312 155612 205142320    0    0     0     0 98556 77191 14 86  0  0  0
102  0      0 309645120 155620 205142320    0    0     0    44 99686 82575 14 86  0  0  0
103  0      0 309653408 155620 205142320    0    0     0    40 98137 74151 14 86  0  0  0
procs -----------memory---------- ---swap-- -----io---- -system-- ------cpu-----
 r  b   swpd   free   buff  cache   si   so    bi    bo   in   cs us sy id wa st
104  0      0 309648352 155620 205142352    0    0     0     0 98030 73912 14 86  0  0  0
102  0      0 309630048 155620 205142352    0    0     0     0 103637 84203 14 86  0  0  0
106  0      0 309649312 155620 205142352    0    0     0     0 100067 79145 14 86  0  0  0
106  0      0 309685248 155628 205142352    0    0     0    28 99653 79827 14 86  0  0  0
103  0      0 309681824 155628 205142352    0    0     0     0 98664 77048 14 86  0  0  0
107  0      0 309661216 155628 205142384    0    0     0    40 95068 70311 14 86  0  0  0
106  0      0 309686304 155628 205142384    0    0     0     0 95684 72408 14 86  0  0  0
104  0      0 309685408 155628 205142384    0    0     0     0 101688 82558 14 86  0  0  0
105  0      0 309680384 155636 205142384    0    0     0    48 99693 80232 14 86  0  0  0
107  0      0 309664320 155636 205142384    0    0     0     0 99600 82206 14 86  0  0  0
106  0      0 309661888 155636 205142416    0    0     0    72 98799 78697 14 86  0  0  0
105  0      0 309656480 155636 205142416    0    0     0     0 102847 87234 14 86  0  0  0
107  0      0 309649984 155636 205142416    0    0     0     0 98524 77296 14 86  0  0  0
106  0      0 309650144 155636 205142416    0    0     0     0 99813 82283 14 86  0  0  0
102  0      0 309652192 155644 205142448    0    0     0    28 101003 84486 14 86  0  0  0
103  0      0 309645632 155644 205142448    0    0     0     0 96606 78199 14 86  0  0  0
108  0      0 309686176 155644 205142448    0    0     0    40 97971 79649 14 86  0  0  0
108  0      0 309670208 155644 205142448    0    0     0     0 99101 79823 14 86  0  0  0
108  0      0 309683808 155644 205142448    0    0     0     0 99483 80629 14 86  0  0  0
103  0      0 309656096 155652 205142480    0    0     0    28 97704 74020 14 86  0  0  0
107  0      0 309653312 155652 205142496    0    0     0     0 93606 70592 14 86  0  0  0
procs -----------memory---------- ---swap-- -----io---- -system-- ------cpu-----
 r  b   swpd   free   buff  cache   si   so    bi    bo   in   cs us sy id wa st
106  0      0 309664128 155652 205142528    0    0     0     0 100510 79507 14 86  0  0  0
105  0      0 309662208 155652 205142528    0    0     0    44 93659 69840 14 86  0  0  0
109  0      0 309691744 155652 205142528    0    0     0     0 94501 69793 14 86  0  0  0
103  0      0 309671680 155660 205142528    0    0     0    36 105839 91296 14 86  0  0  0
108  0      0 309665312 155660 205142560    0    0     0    20 101786 82330 14 86  0  0  0
109  0      0 309658400 155660 205142560    0    0     0     0 99008 77016 14 86  0  0  0
84  0      0 309656256 155660 205142560    0    0     0     0 100455 81286 14 86  0  0  0
 0  0      0 309697440 155660 205142288    0    0     0    56 12280 21687  1  6 93  0  0
 1  0      0 309695200 155660 205142288    0    0     0     0  400  312  0  0 100  0  0
 0  0      0 309693696 155668 205142288    0    0     0    44  524  358  0  0 100  0  0
 0  0      0 309692448 155668 205142288    0    0     0     0  409  243  0  0 100  0  0
 0  0      0 309691200 155668 205142288    0    0     0     0  372  326  0  0 100  0  0
 0  0      0 309688448 155668 205142320    0    0     0    12  611  352  0  0 100  0  0
 0  0      0 309696256 155668 205142320    0    0     0    40  288  227  0  0 100  0  0
 0  0      0 309693760 155676 205142320    0    0     0    80  606  424  0  0 100  0  0
 0  0      0 309692000 155676 205142368    0    0     0     0  491  413  0  0 100  0  0
 1  0      0 309690752 155676 205142368    0    0     0     0  275  202  0  0 100  0  0
