procs -----------memory---------- ---swap-- -----io---- -system-- ------cpu-----
 r  b   swpd   free   buff  cache   si   so    bi    bo   in   cs us sy id wa st
 1  0      0 309752608 155172 205134592    0    0     8     2    1    0  4  0 96  0  0
102  0      0 309605376 155180 205138448    0    0  1808   160 94616 82528 12 74 13  0  0
103  0      0 309619648 155180 205138480    0    0     0     0 99740 83206 14 86  0  0  0
103  0      0 309621760 155180 205138528    0    0     0     0 91244 65084 14 86  0  0  0
105  0      0 309614208 155180 205138528    0    0     0     0 100359 85900 14 86  0  0  0
107  0      0 309621824 155180 205138528    0    0     0   152 98972 83728 14 86  0  0  0
102  0      0 309635552 155196 205138544    0    0     0   180 96314 78597 14 85  0  0  0
103  0      0 309657408 155196 205138544    0    0     0     0 99095 81359 14 86  0  0  0
103  0      0 309665888 155196 205138576    0    0     0     0 90790 66834 14 85  0  0  0
104  0      0 309667008 155196 205138576    0    0     0     0 92635 67456 14 86  0  0  0
105  0      0 309660544 155196 205138576    0    0     0     0 91652 65806 14 86  0  0  0
107  0      0 309655520 155204 205138592    0    0     0   176 93617 73540 14 86  0  0  0
105  0      0 309669664 155204 205138592    0    0     0     0 98071 83827 14 86  0  0  0
107  0      0 309655584 155204 205138592    0    0     0     0 91981 66977 14 86  0  0  0
104  0      0 309677184 155204 205138624    0    0     0     0 93436 72478 14 86  0  0  0
102  0      0 309657344 155204 205138624    0    0     0     0 98065 83915 14 86  0  0  0
103  0      0 309659072 155220 205138624    0    0     0   104 94771 76331 14 86  0  0  0
104  0      0 309643264 155220 205138624    0    0     0     0 89617 65197 14 86  0  0  0
105  0      0 309665408 155220 205138624    0    0     0     0 94125 74278 14 86  0  0  0
102  0      0 309679808 155220 205138656    0    0     0     0 92756 70386 14 86  0  0  0
103  0      0 309673344 155220 205138656    0    0     0     0 97755 79688 14 86  0  0  0
procs -----------memory---------- ---swap-- -----io---- -system-- ------cpu-----
 r  b   swpd   free   buff  cache   si   so    bi    bo   in   cs us sy id wa st
103  0      0 309689344 155232 205138640    0    0     0    88 95616 79456 14 86  0  0  0
105  0      0 309697344 155232 205138656    0    0     0     0 91976 70027 15 85  0  0  0
104  0      0 309692096 155232 205138656    0    0     0     0 93198 71689 14 86  0  0  0
103  0      0 309694016 155232 205138688    0    0     0     0 94622 74667 14 86  0  0  0
105  0      0 309698784 155232 205138688    0    0     0     0 94961 76325 14 86  0  0  0
105  0      0 309679520 155244 205138672    0    0     0    88 94420 75832 14 86  0  0  0
100  0      0 309707872 155244 205138688    0    0     0     0 100491 86187 14 86  0  0  0
103  0      0 309709120 155244 205138688    0    0     0     0 96406 77261 14 86  0  0  0
104  0      0 309689792 155244 205138720    0    0     0     0 92761 70960 14 86  0  0  0
105  0      0 309671008 155244 205138720    0    0     0     0 90369 66355 14 86  0  0  0
104  0      0 309673920 155244 205138720    0    0     0    16 92704 72424 14 86  0  0  0
100  0      0 309670208 155252 205138720    0    0     0    60 94699 77675 14 86  0  0  0
103  0      0 309705056 155252 205138752    0    0     0     0 92176 68540 14 86  0  0  0
103  0      0 309693664 155252 205138752    0    0     0     0 94383 74018 14 86  0  0  0
104  0      0 309653600 155252 205138752    0    0     0     0 96071 77522 14 86  0  0  0
101  0      0 309688640 155252 205138752    0    0     0     0 96114 77101 14 86  0  0  0
105  0      0 309683520 155252 205138752    0    0     0     0 97328 79756 14 86  0  0  0
106  0      0 309668064 155260 205138752    0    0     0    68 97145 79915 14 86  0  0  0
102  0      0 309654208 155260 205138800    0    0     0     0 89533 64019 14 86  0  0  0
101  0      0 309692128 155260 205138800    0    0     0     0 88262 61242 14 86  0  0  0
104  0      0 309699296 155260 205138832    0    0     0     0 92899 73725 14 86  0  0  0
procs -----------memory---------- ---swap-- -----io---- -system-- ------cpu-----
 r  b   swpd   free   buff  cache   si   so    bi    bo   in   cs us sy id wa st
102  0      0 309691904 155268 205138816    0    0     0    28 91591 70678 14 86  0  0  0
103  0      0 309691136 155268 205138832    0    0     0    60 99326 83010 14 86  0  0  0
101  0      0 309681568 155268 205138864    0    0     0     0 96815 78543 14 86  0  0  0
103  0      0 309712000 155268 205138864    0    0     0     0 94809 73819 14 86  0  0  0
106  0      0 309687776 155268 205138864    0    0     0     0 90355 63665 15 85  0  0  0
103  0      0 309698080 155268 205138864    0    0     0     0 96257 75366 14 86  0  0  0
97  0      0 309676224 155276 205138864    0    0     0    36 95481 74816 14 86  0  0  0
103  0      0 309677888 155276 205138912    0    0     0    72 91768 65921 14 86  0  0  0
106  0      0 309651776 155276 205138912    0    0     0     0 88259 57500 14 86  0  0  0
104  0      0 309662912 155276 205138912    0    0     0     0 90283 59145 14 86  0  0  0
103  0      0 309671168 155276 205138912    0    0     0     0 90603 62990 14 86  0  0  0
103  0      0 309690912 155284 205138912    0    0     0    52 93860 72769 14 86  0  0  0
106  0      0 309658240 155284 205138944    0    0     0     0 97263 80017 14 86  0  0  0
100  0      0 309651040 155284 205138944    0    0     0    40 92001 67826 14 86  0  0  0
107  0      0 309666720 155284 205138944    0    0     0     0 93207 71610 14 86  0  0  0
101  0      0 309676096 155284 205138944    0    0     0     0 93548 69486 14 86  0  0  0
102  0      0 309657792 155292 205138944    0    0     0    28 91260 69951 14 86  0  0  0
107  0      0 309690880 155292 205138976    0    0     0     0 92497 70969 14 86  0  0  0
105  0      0 309693920 155292 205138976    0    0     0     0 91444 67617 14 86  0  0  0
102  0      0 309656832 155292 205138976    0    0     0    40 98036 80298 14 86  0  0  0
100  0      0 309681120 155292 205139008    0    0     0     0 101015 86695 14 86  0  0  0
procs -----------memory---------- ---swap-- -----io---- -system-- ------cpu-----
 r  b   swpd   free   buff  cache   si   so    bi    bo   in   cs us sy id wa st
107  0      0 309644224 155300 205139040    0    0     0    44 107430 99670 14 86  0  0  0
105  0      0 309652448 155300 205139040    0    0     0     0 104044 92448 14 86  0  0  0
104  0      0 309669792 155300 205139040    0    0     0     0 105815 93388 14 86  0  0  0
107  0      0 309695424 155300 205139040    0    0     0     0 108465 100970 14 86  0  0  0
107  0      0 309712832 155300 205139040    0    0     0    40 107070 95792 14 86  0  0  0
100  0      0 309701984 155308 205139040    0    0     0    36 101746 85987 14 86  0  0  0
107  0      0 309665856 155308 205139088    0    0     0     0 115040 118071 14 86  0  0  0
106  0      0 309656736 155308 205139088    0    0     0     0 108639 103775 14 86  0  0  0
106  0      0 309659168 155308 205139088    0    0     0     0 107025 97060 14 86  0  0  0
105  0      0 309639424 155308 205139088    0    0     0     0 100874 86462 14 86  0  0  0
105  0      0 309695040 155316 205139088    0    0     0    88 107897 100260 14 85  0  0  0
103  0      0 309657920 155316 205139120    0    0     0     0 100056 86273 14 86  0  0  0
106  0      0 309662304 155316 205139120    0    0     0     0 98323 85177 14 86  0  0  0
107  0      0 309665696 155316 205139120    0    0     0     0 100378 89378 14 86  0  0  0
109  0      0 309647808 155316 205139120    0    0     0     0 107429 100911 14 86  0  0  0
110  0      0 309656256 155324 205139104    0    0     0    68 101976 90360 14 86  0  0  0
107  0      0 309668384 155324 205139152    0    0     0     0 101282 90048 14 86  0  0  0
108  0      0 309648128 155324 205139152    0    0     0     0 105082 94690 14 86  0  0  0
111  0      0 309679616 155324 205139152    0    0     0     0 107615 98305 14 86  0  0  0
110  0      0 309677728 155324 205139152    0    0     0     0 106481 101021 14 86  0  0  0
111  0      0 309709184 155324 205139152    0    0     0     0 108931 103902 14 86  0  0  0
procs -----------memory---------- ---swap-- -----io---- -system-- ------cpu-----
 r  b   swpd   free   buff  cache   si   so    bi    bo   in   cs us sy id wa st
109  0      0 309701696 155332 205139184    0    0     0    88 107952 97543 14 86  0  0  0
111  0      0 309675616 155332 205139184    0    0     0     0 95258 73895 14 86  0  0  0
108  0      0 309684160 155332 205139216    0    0     0     0 98850 83197 14 86  0  0  0
110  0      0 309675168 155332 205139216    0    0     0     0 101505 84279 14 86  0  0  0
108  0      0 309661568 155332 205139248    0    0     0     0 102384 84707 14 86  0  0  0
106  0      0 309663200 155340 205139248    0    0     0   108 101580 88918 14 86  0  0  0
97  0      0 309667712 155340 205139248    0    0     0     0 103061 89961 14 86  0  0  0
 0  0      0 309684736 155340 205139680    0    0   188     4 12526 19163  1  7 92  0  0
 0  0      0 309683232 155340 205139680    0    0     0     0  462  353  0  0 100  0  0
 0  0      0 309680704 155340 205139680    0    0     0     0  652  444  0  0 100  0  0
 0  0      0 309678688 155348 205139664    0    0     0   156  407  216  0  0 100  0  0
 0  0      0 309677184 155348 205139664    0    0     0    56  430  291  0  0 100  0  0
 0  0      0 309676416 155348 205139664    0    0     0     8  687  443  0  0 100  0  0
 0  0      0 309675680 155348 205139664    0    0     0     0  342  199  0  0 100  0  0
 0  0      0 309673152 155348 205139664    0    0     0     0  644  430  0  0 100  0  0
 0  0      0 309672416 155348 205139664    0    0     0     0  351  208  0  0 100  0  0
 0  0      0 309670912 155356 205139664    0    0     0    36  447  335  0  0 100  0  0
