procs -----------memory---------- ---swap-- -----io---- -system-- ------cpu-----
 r  b   swpd   free   buff  cache   si   so    bi    bo   in   cs us sy id wa st
 1  0      0 309669664 155356 205139664    0    0     8     2    1    0  4  0 96  0  0
106  0      0 309651968 155364 205140032    0    0     0   160 81927 57667 12 73 15  0  0
103  0      0 309627008 155364 205140528    0    0     0     0 92707 64214 14 86  0  0  0
104  0      0 309635552 155364 205140576    0    0     0     0 103995 87472 14 86  0  0  0
106  0      0 309664320 155364 205140576    0    0     0    24 104491 89459 14 86  0  0  0
104  0      0 309661632 155364 205140576    0    0     0     0 99396 80786 14 86  0  0  0
106  0      0 309671232 155372 205140576    0    0     0   112 96718 74726 14 86  0  0  0
102  0      0 309701600 155372 205140592    0    0     0    40 95737 77051 14 86  0  0  0
104  0      0 309663680 155372 205140592    0    0     0     0 98889 77902 14 86  0  0  0
105  0      0 309718688 155372 205140624    0    0     0     0 93021 67157 14 86  0  0  0
107  0      0 309666560 155372 205140624    0    0     0     0 98098 74411 14 86  0  0  0
105  0      0 309675424 155380 205140608    0    0     0   108 96616 72824 14 86  0  0  0
109  0      0 309682592 155380 205140624    0    0     0     0 95691 72266 14 86  0  0  0
107  0      0 309679328 155380 205140640    0    0     0    40 97162 72950 14 86  0  0  0
106  0      0 309679776 155380 205140672    0    0     0     0 96600 74167 14 86  0  0  0
102  0      0 309663232 155380 205140672    0    0     0     0 96789 72121 14 86  0  0  0
104  0      0 309660800 155380 205140672    0    0     0    20 98765 78493 14 86  0  0  0
105  0      0 309697728 155388 205140672    0    0     0    28 98308 82339 14 86  0  0  0
108  0      0 309679744 155388 205140672    0    0     0    72 100752 84233 14 86  0  0  0
109  0      0 309678848 155388 205140704    0    0     0     0 92835 65948 14 86  0  0  0
106  0      0 309650720 155388 205140704    0    0     0     0 94725 69006 14 86  0  0  0
procs -----------memory---------- ---swap-- -----io---- -system-- ------cpu-----
 r  b   swpd   free   buff  cache   si   so    bi    bo   in   cs us sy id wa st
105  0      0 309668768 155388 205140704    0    0     0     0 101043 80912 14 86  0  0  0
106  0      0 309680288 155388 205140704    0    0     0     0 103279 87496 14 86  0  0  0
108  0      0 309635424 155396 205140704    0    0     0    28 98521 76212 14 86  0  0  0
105  0      0 309644640 155396 205140752    0    0     0    40 96462 74564 14 86  0  0  0
102  0      0 309655808 155396 205140752    0    0     0     0 96674 73575 14 86  0  0  0
107  0      0 309669504 155396 205140752    0    0     0     0 97846 74398 14 86  0  0  0
107  0      0 309674528 155396 205140752    0    0     0     0 98462 75120 14 86  0  0  0
108  0      0 309678112 155404 205140736    0    0     0    28 97322 72668 14 86  0  0  0
108  0      0 309653440 155404 205140800    0    0     0     0 91303 64382 14 86  0  0  0
108  0      0 309649376 155404 205140800    0    0     0    44 86518 51803 14 86  0  0  0
101  0      0 309667488 155404 205140800    0    0     0     0 93439 68332 14 86  0  0  0
105  0      0 309622016 155404 205140800    0    0     0     0 99159 77362 14 86  0  0  0
104  0      0 309679712 155404 205140832    0    0     0     0 105386 91068 14 86  0  0  0
103  0      0 309648512 155412 205140832    0    0     0    44 94868 67742 14 86  0  0  0
106  0      0 309675584 155412 205140832    0    0     0     0 97110 70165 14 86  0  0  0
107  0      0 309677600 155412 205140832    0    0     0    40 101707 78160 14 86  0  0  0
104  0      0 309669312 155412 205140832    0    0     0     0 98291 74905 14 86  0  0  0
106  0      0 309652448 155412 205140864    0    0     0     0 98223 76505 14 86  0  0  0
102  0      0 309673664 155420 205140864    0    0     0    28 96238 73018 14 86  0  0  0
107  0      0 309694848 155420 205140864    0    0     0     0 98013 80550 14 86  0  0  0
105  0      0 309654976 155420 205140864    0    0     0     0 91990 66350 14 86  0  0  0
procs -----------memory---------- ---swap-- -----io---- -system-- ------cpu-----
 r  b   swpd   free   buff  cache   si   so    bi    bo   in   cs us sy id wa st
106  0      0 309663040 155420 205140864    0    0     0    44 96959 75592 14 86  0  0  0
105  0      0 309645856 155420 205140864    0    0     0     0 93209 65438 14 86  0  0  0
103  0      0 309651904 155428 205140896    0    0     0    60 96922 73827 14 86  0  0  0
107  0      0 309668768 155428 205140896    0    0     0     0 97957 76130 14 86  0  0  0
104  0      0 309668992 155428 205140896    0    0     0     0 100724 81313 14 86  0  0  0
104  0      0 309657632 155428 205140896    0    0     0     0 98436 76332 14 86  0  0  0
105  0      0 309653120 155428 205140896    0    0     0    40 98492 74704 14 86  0  0  0
106  0      0 309667392 155436 205140928    0    0     0    36 93758 68563 14 86  0  0  0
107  0      0 309656704 155436 205140928    0    0     0     0 94024 67406 14 86  0  0  0
108  0      0 309682208 155436 205140928    0    0     0     0 92993 65905 14 86  0  0  0
106  0      0 309666048 155436 205140928    0    0     0     0 96328 73571 14 86  0  0  0
102  0      0 309659232 155436 205140928    0    0     0    72 91597 64204 14 86  0  0  0
108  0      0 309639328 155444 205140960    0    0     0    52 95156 72988 14 86  0  0  0
104  0      0 309644608 155444 205140960    0    0     0     0 98534 77832 14 86  0  0  0
106  0      0 309646624 155444 205140960    0    0     0     0 99147 80728 14 86  0  0  0
105  0      0 309648032 155444 205140960    0    0     0     0 95306 68697 14 86  0  0  0
106  0      0 309642240 155444 205140960    0    0     0    68 99053 77101 14 86  0  0  0
106  0      0 309670624 155452 205140992    0    0     0     0 96640 71803 14 86  0  0  0
103  0      0 309666336 155452 205140992    0    0     0     0 100687 81545 14 86  0  0  0
108  0      0 309657728 155452 205140992    0    0     0     0 94243 66811 14 86  0  0  0
108  0      0 309649760 155452 205140992    0    0     0     0 97983 75629 14 86  0  0  0
procs -----------memory---------- ---swap-- -----io---- -system-- ------cpu-----
 r  b   swpd   free   buff  cache   si   so    bi    bo   in   cs us sy id wa st
104  0      0 309654208 155460 205141024    0    0     0    16 96533 72251 14 86  0  0  0
103  0      0 309639744 155460 205141040    0    0     0    40 98782 79491 14 86  0  0  0
106  0      0 309633632 155460 205141040    0    0     0     0 98518 75589 14 86  0  0  0
104  0      0 309659936 155460 205141040    0    0     0     0 103298 87393 14 86  0  0  0
108  0      0 309659968 155460 205141040    0    0     0     0 104025 91918 14 86  0  0  0
107  0      0 309666688 155460 205141072    0    0     0     0 107448 93390 14 86  0  0  0
107  0      0 309657728 155468 205141072    0    0     0    28 93863 67847 14 86  0  0  0
107  0      0 309678144 155468 205141072    0    0     0    40 92218 64340 14 86  0  0  0
104  0      0 309676320 155468 205141072    0    0     0     0 97337 73261 14 86  0  0  0
107  0      0 309669376 155468 205141072    0    0     0     0 96150 71389 14 86  0  0  0
105  0      0 309635520 155468 205141072    0    0     0     0 101907 81526 14 86  0  0  0
107  0      0 309666816 155476 205141104    0    0     0    44 100965 82929 14 86  0  0  0
108  0      0 309646304 155476 205141104    0    0     0     0 106809 94302 14 86  0  0  0
108  0      0 309661856 155476 205141104    0    0     0    40 98911 79952 14 86  0  0  0
105  0      0 309663264 155476 205141104    0    0     0     0 101862 81846 14 86  0  0  0
108  0      0 309661568 155476 205141104    0    0     0     0 96555 71592 14 86  0  0  0
105  0      0 309662016 155484 205141136    0    0     0    28 99380 75405 14 86  0  0  0
106  0      0 309638304 155484 205141136    0    0     0     0 101303 82062 14 86  0  0  0
108  0      0 309623136 155484 205141168    0    0     0     0 109295 97306 14 86  0  0  0
107  0      0 309627712 155484 205141168    0    0     0    40 101471 79699 14 86  0  0  0
105  0      0 309641152 155484 205141168    0    0     0     0 105488 89744 14 86  0  0  0
procs -----------memory---------- ---swap-- -----io---- -system-- ------cpu-----
 r  b   swpd   free   buff  cache   si   so    bi    bo   in   cs us sy id wa st
106  0      0 309653696 155492 205141200    0    0     0    48 108104 92478 14 86  0  0  0
108  0      0 309660864 155492 205141200    0    0     0     0 99420 77088 14 86  0  0  0
106  0      0 309663744 155492 205141200    0    0     0     0 105928 89723 14 86  0  0  0
109  0      0 309659904 155492 205141200    0    0     0     0 104974 92047 14 86  0  0  0
111  0      0 309645312 155492 205141248    0    0     0    80 97730 74068 14 86  0  0  0
109  0      0 309652160 155500 205141248    0    0     0    68 96983 73974 14 86  0  0  0
76  0      0 309657824 155500 205141248    0    0     0     0 97178 78329 14 85  1  0  0
 0  0      0 309684864 155500 205141120    0    0     0     0 8649 15893  1  4 96  0  0
 0  0      0 309684096 155500 205141120    0    0     0     0  316  212  0  0 100  0  0
 0  0      0 309683328 155500 205141152    0    0     0     0  545  417  0  0 100  0  0
 0  0      0 309681344 155508 205141152    0    0     0   148  386  253  0  0 100  0  0
 0  0      0 309678848 155508 205141152    0    0     0     0  432  366  0  0 100  0  0
 1  0      0 309677344 155508 205141152    0    0     0    12  549  331  0  0 100  0  0
 0  0      0 309675584 155508 205141152    0    0     0     0  761  300  0  0 100  0  0
 0  0      0 309673120 155508 205141184    0    0     0     0  605  440  0  0 100  0  0
 0  0      0 309672352 155508 205141184    0    0     0     0  443  341  0  0 100  0  0
 0  0      0 309671360 155516 205141184    0    0     0    92  389  231  0  0 100  0  0
